1.7607
1.4962
1.3380
1.2313
1.1601
1.0971
1.0329
0.9780
0.9303
0.8973
0.8759
0.8492
0.8256
0.8100
0.7906
0.7803
0.7600
0.7502
0.7474
0.7313
0.7269
0.7156
0.7057
0.6949
0.6935
0.6764
0.6764
0.6634
0.6598
0.6559
0.6487
0.6397
0.6374
0.6291
0.6226
0.6163
0.6031
0.6037
0.5978
0.5928
0.5932
0.5828
0.5727
0.5762
0.5686
0.5612
0.5602
0.5576
0.5501
0.5453
0.5394
0.5346
0.5275
0.5239
0.5172
0.5244
0.5095
0.5081
0.5082
0.4994
0.4993
0.4913
0.4820
0.4849
0.4763
0.4779
0.4716
0.4631
0.4597
0.4535
0.4569
0.4482
0.4471
0.4407
0.4397
0.4310
0.4300
0.4237
0.4201
0.4210
0.4174
0.4127
0.4045
0.4039
0.4011
0.3953
0.3957
0.3903
0.3874
0.3774
0.3726
0.3735
0.3723
0.3698
0.3602
0.3595
0.3600
0.3619
0.3483
0.3505
0.3459
0.3382
0.3445
0.3378
0.3375
0.3346
0.3242
0.3261
0.3219
0.3207
0.3189
0.3176
0.3124
0.3095
0.3094
0.3039
0.3069
0.3045
0.2924
0.2961
0.2865
0.2884
0.2844
0.2818
0.2833
0.2854
0.2753
0.2757
0.2779
0.2725
0.2636
0.2616
0.2638
0.2585
0.2620
0.2581
0.2587
0.2542
0.2508
0.2479
0.2483
0.2471
0.2427
0.2438
0.2418
0.2436
0.2385
0.2312
0.2359
0.2330
0.2335
0.2330
0.2263
0.2284
0.2267
0.2284
0.2246
0.2264
0.2223
0.2278
0.2187
0.2172
0.2122
0.2180
0.2163
0.2055
0.2104
0.2062
0.2110
0.2018
0.2047
0.2045
0.2031
0.2022
0.1993
0.1951
0.1983
0.2022
0.1995
0.1940
0.1892
0.1905
0.1895
0.1912
0.1894
0.1924
0.1910
0.1852
0.1873
0.1844
0.1841
0.1835
0.1864
0.1831
0.1798
0.1749
0.1791
0.1751
0.1780
0.1733